1 3 0.069948
3 2 0.241522
5 5 0.758764
7 8 2.003575
9 8 1.950342
11 12 1.739968
13 12 3.219049
15 8 2.950773
17 13 9.402496
19 10 5.705073
21 14 6.750418
23 17 3.437615
25 15 5.061282
27 16 6.128551
29 12 1.728302
31 12 2.211128
33 12 1.493140
35 14 1.471806
37 11 1.261946
39 12 1.393352
41 11 1.073377
43 11 0.394866
45 10 0.179624
47 8 0.087414
49 7 0.036683
51 8 0.024800
53 7 0.006649
55 5 0.000657
57 3 0.000061
59 2 0.000026
1 3 0.068651
3 5 0.222997
5 6 1.017828
7 7 2.290044
9 8 2.434965
11 11 5.032460
13 15 15.405337
15 10 8.468724
17 11 8.937427
19 11 13.916552
21 16 17.878248
23 11 9.743284
25 13 11.979359
27 13 8.774265
29 14 10.803944
31 13 6.416580
33 13 4.338186
35 11 2.148520
37 13 2.487133
39 12 1.423415
41 11 0.721462
43 10 0.333871
45 8 0.195717
47 6 0.058108
49 7 0.040872
51 7 0.015069
53 5 0.001979
55 3 0.000343
57 2 0.000054
59 1 0.000018
1 3 0.086364
3 5 0.214648
5 6 0.605306
7 4 0.676981
9 10 2.815741
11 12 4.582859
13 14 12.674183
15 12 9.087496
17 14 9.584310
19 17 12.099692
21 16 8.684126
23 15 6.541161
25 16 5.116822
27 17 2.800415
29 17 3.799025
31 14 2.220465
33 14 2.097162
35 16 2.182997
37 14 1.826851
39 13 1.840605
41 12 1.057046
43 10 0.518216
45 7 0.332301
47 8 0.307235
49 6 0.129048
51 6 0.048228
53 6 0.009103
55 5 0.000790
57 3 0.000109
59 1 0.000020
1 3 0.066993
3 6 0.237567
5 5 0.330953
7 5 0.835893
9 6 1.153399
11 9 2.577611
13 10 3.340945
15 10 6.838817
17 12 9.361192
19 8 4.182808
21 13 12.241255
23 16 21.883251
25 15 17.292183
27 12 10.715013
29 16 15.410994
31 11 5.970256
33 12 9.431346
35 10 6.238541
37 12 6.629162
39 9 2.392139
41 8 1.667996
43 5 0.289504
45 4 0.091717
47 3 0.031148
49 4 0.027477
51 1 0.001418
55 1 0.000296
1 3 0.081230
3 6 0.243791
5 4 0.356896
7 5 1.137999
9 9 1.782990
11 8 0.392376
13 14 1.690106
0 4 0.050032
2 4 0.138140
4 3 0.225701
6 5 0.717122
8 5 0.494242
0 4 0.047628
2 4 0.138234
4 3 0.207421
6 6 0.741681
8 6 0.691311
10 6 2.139016
12 8 4.352878
14 7 6.274359
16 11 10.971177
18 8 4.630173
20 8 6.293763
22 13 15.868461
24 6 5.275067
26 7 5.498720
28 8 5.675823
30 4 1.549397
32 5 1.793872
34 7 2.027267
36 7 1.651626
38 9 2.403585
40 7 0.924292
42 10 1.129590
44 8 0.624375
46 10 0.353918
48 11 0.048671
50 10 0.014130
52 8 0.007477
54 7 0.003194
56 5 0.000489
58 4 0.000214
60 3 0.000091
62 2 0.000031
64 1 0.000019
0 4 0.044457
2 4 0.128364
4 3 0.188296
6 4 0.586547
8 4 0.582797
10 5 0.924837
12 5 1.828193
14 9 5.053091
16 8 4.541528
18 8 5.920403
20 8 7.818353
22 11 13.156109
24 10 8.716523
26 14 15.675730
28 12 13.421202
30 10 13.366648
32 10 11.515494
34 12 13.430840
36 12 7.602244
38 12 4.737571
40 10 3.115898
42 11 2.875766
44 8 1.726222
46 6 0.346744
48 6 0.134297
50 6 0.066323
52 6 0.018350
54 5 0.001433
56 4 0.000269
58 2 0.000032
60 1 0.000017
0 4 0.046177
2 4 0.139570
4 3 0.157515
6 8 1.145411
8 9 2.499554
10 11 4.964570
12 11 4.583136
14 13 8.276277
16 12 12.830236
18 13 17.082611
20 13 11.538489
22 12 17.749111
24 12 15.985412
26 14 22.369484
28 11 13.707692
30 13 20.810756
32 13 16.217585
34 8 4.180185
36 7 2.601324
38 7 2.203096
40 5 0.671470
42 4 0.293022
44 3 0.104856
46 4 0.091618
48 4 0.055142
50 4 0.031836
52 3 0.004845
54 2 0.000774
56 1 0.000116
0 4 0.048098
2 4 0.136552
4 3 0.200461
6 6 0.723400
8 9 2.845872
10 10 5.529647
12 8 3.537834
14 7 4.681234
16 8 8.256704
18 13 16.395854
20 16 26.674576
22 12 17.691440
24 12 16.138975
26 14 25.149560
28 12 14.678572
30 15 12.562939
32 17 16.106639
34 14 8.491583
36 15 9.259265
38 13 4.388823
40 13 2.755030
42 12 1.745364
44 10 0.909565
46 9 0.379013
48 7 0.158503
50 6 0.046076
52 6 0.013438
54 3 0.001381
56 3 0.000190
58 2 0.000030
60 1 0.000020
0 4 0.042175
1 3 0.075307
2 4 0.129240
3 6 0.236210
4 3 0.156148
5 4 0.371567
6 8 1.079109
7 5 0.896410
8 9 2.404310
9 6 2.144092
10 11 4.609346
11 6 2.944626
12 11 4.309724
13 8 4.931237
14 10 6.907002
15 12 9.377650
16 10 9.514093
17 10 10.189964
18 11 15.665496
19 13 20.776850
20 12 14.976998
21 11 14.939091
22 14 22.905682
23 12 20.750063
24 16 23.157245
25 11 21.698507
26 16 19.867786
27 12 19.280411
28 15 24.853752
29 13 23.425112
30 13 15.122865
31 12 9.335492
32 13 10.756148
33 14 8.422137
34 7 3.416838
35 13 4.330456
36 8 3.274085
37 12 3.271972
38 7 1.953010
39 10 1.578888
40 6 0.744694
41 9 0.661747
42 6 0.479038
43 9 0.580961
44 5 0.271095
45 9 0.346026
46 4 0.169880
47 10 0.221135
48 3 0.063204
49 9 0.095781
50 2 0.016959
51 7 0.018023
52 2 0.003482
53 6 0.004461
54 1 0.000275
55 4 0.000302
56 1 0.000063
57 3 0.000058
59 2 0.000028
60 1 0.000018
1 3 0.078437
3 6 0.217138
5 4 0.332944
7 5 0.872526
9 7 3.179502
11 9 5.328504
13 9 6.523586
15 10 11.432048
17 7 8.160966
19 7 9.916579
21 8 14.226177
23 18 51.611369
25 16 25.444948
27 13 14.792175
29 15 15.601726
31 13 18.408755
33 10 10.071660
35 11 9.914053
37 7 2.763773
39 5 0.865868
41 5 0.573590
43 5 0.557157
45 3 0.114666
47 2 0.033477
49 1 0.006189
51 2 0.005694
53 2 0.001526
57 1 0.000095
0 4 0.046302
2 4 0.131205
4 3 0.150712
6 6 0.770109
8 9 3.073123
10 12 5.214922
12 12 6.017367
14 15 11.143795
16 15 10.888023
18 12 11.294978
20 12 11.211350
22 12 8.377311
24 10 9.093216
26 10 9.333699
28 8 6.223509
30 8 5.554420
32 9 6.291668
34 11 6.768344
36 12 5.944527
38 10 2.213324
40 8 1.054344
42 8 0.375693
44 7 0.255887
46 6 0.145314
48 8 0.132037
50 6 0.026807
52 5 0.009426
54 4 0.000958
56 3 0.000205
58 2 0.000067
60 1 0.000018
