0 4 0.000032
1 3 0.000031
2 4 0.000042
3 2 0.000033
4 9 0.000044
5 5 0.000036
6 6 0.000050
7 8 0.000051
8 8 0.000057
9 8 0.000040
10 7 0.000061
11 12 0.000055
12 5 0.000036
13 11 0.000053
14 4 0.000033
15 11 0.000077
16 3 0.000045
17 16 0.000088
18 8 0.000056
19 13 0.000056
20 9 0.000060
21 13 0.000071
22 8 0.000043
23 14 0.000090
24 7 0.000061
25 13 0.000080
26 6 0.000048
27 12 0.000076
28 6 0.000051
29 12 0.000067
30 5 0.000044
31 14 0.000058
32 5 0.000044
33 10 0.000065
34 5 0.000032
35 9 0.000043
36 14 0.000078
37 3 0.000027
38 13 0.000084
39 4 0.000048
40 11 0.000060
41 7 0.000040
42 6 0.000035
43 6 0.000051
44 6 0.000032
45 5 0.000042
46 5 0.000041
47 6 0.000036
48 7 0.000035
49 9 0.000046
50 6 0.000045
51 7 0.000053
52 4 0.000033
53 6 0.000053
54 3 0.000040
55 3 0.000031
56 3 0.000025
57 2 0.000020
58 1 0.000020
59 1 0.000019
0 4 0.000044
2 4 0.000051
4 9 0.000044
6 6 0.000038
8 8 0.000061
10 7 0.000052
12 7 0.000039
14 4 0.000053
16 11 0.000072
18 8 0.000058
20 4 0.000032
22 4 0.000043
24 5 0.000049
26 7 0.000041
28 9 0.000049
30 6 0.000050
32 12 0.000071
34 10 0.000074
36 9 0.000044
38 8 0.000044
40 8 0.000058
42 7 0.000039
44 4 0.000036
46 4 0.000046
48 3 0.000032
50 3 0.000036
52 2 0.000028
54 4 0.000033
56 2 0.000024
58 1 0.000015
0 4 0.000042
2 4 0.000034
4 9 0.000064
6 6 0.000057
8 8 0.000057
10 7 0.000054
12 7 0.000042
14 8 0.000057
16 10 0.000055
18 7 0.000041
20 8 0.000054
22 11 0.000065
24 10 0.000062
26 9 0.000061
28 6 0.000039
30 6 0.000037
32 6 0.000035
34 5 0.000031
36 7 0.000061
38 11 0.000050
40 10 0.000066
42 9 0.000060
44 7 0.000045
46 6 0.000045
48 4 0.000030
50 2 0.000018
52 1 0.000014
54 1 0.000018
56 1 0.000020
0 4 0.000034
2 4 0.000044
4 9 0.000060
6 6 0.000040
8 8 0.000053
10 7 0.000054
12 6 0.000051
14 6 0.000050
16 7 0.000055
18 8 0.000041
20 7 0.000049
22 7 0.000050
24 3 0.000043
26 5 0.000033
28 4 0.000046
30 5 0.000035
32 4 0.000042
34 4 0.000029
36 3 0.000026
38 2 0.000028
40 2 0.000022
42 3 0.000026
44 5 0.000033
46 3 0.000030
48 3 0.000024
50 3 0.000036
52 3 0.000028
54 2 0.000024
56 1 0.000020
58 1 0.000025
0 4 0.000041
2 4 0.000034
4 9 0.000046
6 6 0.000036
8 8 0.000057
10 7 0.000041
12 5 0.000044
14 4 0.000044
16 4 0.000046
18 5 0.000033
20 5 0.000045
22 4 0.000046
24 2 0.000027
26 1 0.000021
28 7 0.000053
30 6 0.000048
32 3 0.000038
34 2 0.000022
36 1 0.000025
38 6 0.000035
40 6 0.000048
42 7 0.000053
44 6 0.000033
46 6 0.000046
48 5 0.000030
50 2 0.000028
52 1 0.000014
54 1 0.000017
58 2 0.000020
0 4 0.000041
2 4 0.000053
4 9 0.000059
6 6 0.000052
8 8 0.000060
10 7 0.000041
12 6 0.000052
14 6 0.000051
16 7 0.000060
18 8 0.000052
20 7 0.000040
22 7 0.000061
24 4 0.000030
26 5 0.000037
28 4 0.000041
30 1 0.000019
32 1 0.000027
34 1 0.000026
36 3 0.000034
38 3 0.000035
40 3 0.000035
42 1 0.000022
44 3 0.000031
46 1 0.000023
48 1 0.000022
50 1 0.000017
52 3 0.000029
54 2 0.000017
56 2 0.000018
60 1 0.000011
1 3 0.000045
3 5 0.000039
5 6 0.000036
7 7 0.000057
9 8 0.000053
11 11 0.000065
13 15 0.000092
15 13 0.000058
17 13 0.000088
19 13 0.000067
21 14 0.000061
23 13 0.000059
25 11 0.000070
27 10 0.000066
29 9 0.000064
31 8 0.000056
33 6 0.000049
35 3 0.000035
37 1 0.000024
39 3 0.000030
41 6 0.000045
43 5 0.000037
45 5 0.000032
47 4 0.000035
49 6 0.000054
51 5 0.000029
53 4 0.000025
55 2 0.000026
57 2 0.000016
1 3 0.000030
3 5 0.000036
5 6 0.000048
7 4 0.000042
9 10 0.000046
11 9 0.000046
13 9 0.000070
15 10 0.000063
17 9 0.000062
19 8 0.000053
21 9 0.000060
23 8 0.000043
25 3 0.000031
27 4 0.000035
29 7 0.000061
31 2 0.000032
33 6 0.000047
35 5 0.000040
37 2 0.000030
39 2 0.000026
41 4 0.000046
43 4 0.000029
45 7 0.000050
47 4 0.000046
49 4 0.000041
51 1 0.000016
53 1 0.000014
55 1 0.000015
57 1 0.000017
1 3 0.000038
3 6 0.000059
5 7 0.000085
7 6 0.000039
1 3 0.000031
3 6 0.000050
5 7 0.000056
7 6 0.000050
9 3 0.000031
11 10 0.000084
13 9 0.000065
15 10 0.000056
17 10 0.000066
19 8 0.000057
21 8 0.000043
23 6 0.000052
25 3 0.000036
27 7 0.000062
29 7 0.000045
31 8 0.000044
33 11 0.000068
35 10 0.000065
37 12 0.000069
39 6 0.000032
41 6 0.000036
43 5 0.000042
45 5 0.000043
47 5 0.000045
49 3 0.000032
51 1 0.000021
53 1 0.000023
59 2 0.000021
1 3 0.000039
3 6 0.000056
5 7 0.000057
7 6 0.000050
1 3 0.000033
3 6 0.000055
5 7 0.000057
7 6 0.000039
9 3 0.000036
11 10 0.000073
13 5 0.000051
15 5 0.000036
17 6 0.000060
19 8 0.000063
21 7 0.000057
23 8 0.000042
25 5 0.000051
27 4 0.000043
29 5 0.000044
31 4 0.000029
33 2 0.000034
35 1 0.000019
37 3 0.000037
39 4 0.000029
41 3 0.000027
43 1 0.000021
45 3 0.000023
47 1 0.000020
49 3 0.000030
51 3 0.000021
53 3 0.000022
55 2 0.000024
57 2 0.000022
0 4 0.000053
2 4 0.000043
4 9 0.000060
6 9 0.000062
8 6 0.000038
10 7 0.000042
12 10 0.000046
14 8 0.000063
16 8 0.000049
18 8 0.000044
20 7 0.000041
22 5 0.000035
24 5 0.000038
26 2 0.000041
28 1 0.000027
30 1 0.000019
32 3 0.000027
34 2 0.000033
36 2 0.000029
38 2 0.000031
40 4 0.000028
42 3 0.000033
44 3 0.000032
46 4 0.000038
48 2 0.000020
52 2 0.000019
54 1 0.000015
56 2 0.000023
58 1 0.000015
