1 3 0.000462
3 2 0.000632
5 5 0.001336
7 8 0.002498
9 8 0.002592
11 12 0.003376
13 10 0.002829
15 7 0.003675
17 9 0.003579
19 8 0.002264
21 11 0.005926
23 11 0.006705
25 11 0.004680
27 13 0.004232
29 13 0.004886
31 14 0.004332
33 11 0.002652
35 10 0.002681
37 9 0.003003
39 7 0.002234
41 7 0.002305
43 10 0.003173
45 8 0.002234
47 7 0.001324
49 6 0.000691
51 7 0.000468
53 6 0.000407
55 4 0.000149
57 3 0.000084
59 2 0.000031
61 1 0.000015
1 3 0.000447
3 5 0.001034
5 6 0.002129
7 7 0.002799
9 8 0.002516
11 11 0.004525
13 8 0.005385
15 7 0.003966
17 13 0.006124
19 18 0.011004
21 15 0.009128
23 12 0.006607
25 11 0.005709
27 9 0.004312
29 11 0.005434
31 9 0.004387
33 10 0.004969
35 9 0.003772
37 9 0.003070
39 8 0.002879
41 7 0.001832
43 5 0.001171
45 7 0.001474
47 6 0.001037
49 5 0.000722
51 4 0.000463
53 3 0.000217
57 1 0.000068
61 1 0.000015
0 4 0.000503
2 4 0.000775
4 5 0.001135
6 6 0.001452
8 7 0.002372
10 8 0.002899
12 10 0.003503
14 8 0.003133
16 9 0.004163
18 7 0.003394
20 7 0.002523
22 11 0.005063
24 9 0.002474
26 15 0.005495
28 14 0.004619
30 11 0.002761
32 9 0.002009
34 10 0.004410
36 12 0.002709
38 12 0.002582
40 11 0.001704
42 9 0.001485
44 10 0.002293
46 8 0.001529
48 8 0.001247
50 6 0.000548
52 6 0.000337
54 5 0.000227
56 4 0.000073
58 2 0.000027
60 1 0.000021
0 4 0.000518
2 4 0.000660
4 5 0.000979
6 6 0.001492
8 7 0.002340
10 11 0.003466
12 12 0.002435
14 7 0.002173
16 9 0.002775
18 11 0.005503
20 7 0.003365
22 8 0.003530
24 9 0.004475
26 8 0.003640
28 7 0.002598
30 3 0.000844
32 7 0.002543
34 9 0.003028
36 9 0.002859
38 8 0.003209
40 7 0.002231
42 10 0.002471
44 9 0.002394
46 8 0.001775
48 7 0.001158
50 7 0.000915
52 7 0.000877
54 5 0.000404
56 3 0.000114
0 4 0.000519
1 3 0.000441
2 4 0.000744
3 5 0.000957
4 5 0.001119
5 6 0.001293
6 6 0.001564
7 4 0.001088
8 6 0.001925
9 7 0.002617
10 10 0.003680
11 9 0.004390
12 11 0.005880
13 9 0.006904
14 14 0.008374
15 8 0.005804
16 13 0.007446
17 8 0.005988
18 13 0.005039
19 7 0.003003
20 13 0.005732
21 10 0.004383
22 12 0.005910
23 13 0.005965
24 12 0.006444
25 14 0.005821
26 10 0.007752
27 12 0.005686
28 11 0.008972
29 13 0.008465
30 11 0.005627
31 13 0.007616
32 9 0.004140
33 14 0.007748
34 7 0.003091
35 15 0.005113
36 7 0.003025
37 13 0.004455
38 6 0.002120
39 10 0.002551
40 8 0.002986
41 11 0.004958
42 8 0.002643
43 10 0.002236
44 6 0.001591
45 9 0.001734
46 6 0.001345
47 7 0.001212
48 8 0.001315
49 5 0.000708
50 8 0.000878
51 3 0.000308
52 6 0.000530
53 2 0.000151
54 6 0.000223
55 1 0.000065
56 4 0.000118
58 3 0.000074
60 2 0.000028
61 1 0.000019
0 4 0.000521
2 4 0.000785
4 5 0.001325
6 6 0.001575
8 7 0.002207
10 8 0.003125
12 10 0.004726
14 11 0.004011
16 13 0.004877
18 7 0.003399
20 11 0.004789
22 10 0.004665
24 10 0.005872
26 11 0.007029
28 10 0.005001
30 8 0.002995
32 7 0.002766
34 10 0.004127
36 9 0.003481
38 9 0.003000
40 9 0.003684
42 8 0.001815
44 5 0.001124
46 6 0.001478
48 6 0.000978
50 2 0.000287
52 1 0.000109
54 1 0.000102
56 2 0.000093
60 1 0.000017
0 4 0.000535
2 4 0.000566
4 5 0.001137
6 6 0.001321
8 7 0.003236
10 7 0.002422
12 12 0.006653
14 12 0.006246
16 13 0.005574
18 9 0.005159
20 8 0.005449
22 9 0.006264
24 15 0.010235
26 12 0.009439
28 9 0.005282
30 11 0.005741
32 9 0.005182
34 8 0.002938
36 6 0.002250
38 7 0.002585
40 6 0.001885
42 6 0.001620
44 4 0.000790
46 4 0.000753
48 2 0.000303
50 1 0.000152
52 1 0.000137
54 1 0.000108
56 2 0.000112
58 2 0.000045
0 4 0.000526
2 4 0.000731
4 5 0.001107
6 6 0.001490
8 7 0.002383
10 7 0.003113
12 9 0.004674
14 10 0.005000
16 10 0.006246
18 8 0.004710
20 5 0.002718
22 4 0.001997
24 4 0.001775
26 2 0.000954
28 3 0.001376
30 2 0.000700
32 2 0.000802
34 2 0.000971
36 4 0.001353
38 5 0.001557
40 3 0.001164
42 3 0.000857
44 7 0.001452
46 6 0.001061
48 5 0.000967
50 4 0.000707
52 2 0.000208
54 3 0.000276
56 2 0.000085
58 2 0.000023
1 3 0.000437
3 6 0.001098
5 7 0.001468
7 10 0.001999
9 10 0.003247
11 7 0.001941
13 9 0.003322
15 8 0.005999
17 6 0.003024
19 9 0.006182
21 10 0.007996
23 11 0.008048
25 12 0.009791
27 15 0.009404
29 16 0.007921
31 13 0.005604
33 17 0.007146
35 14 0.006445
37 15 0.009716
39 12 0.004236
41 10 0.004765
43 8 0.002131
45 9 0.002036
47 6 0.001099
49 5 0.000988
51 3 0.000442
53 3 0.000293
55 3 0.000240
57 1 0.000028
59 1 0.000018
1 3 0.000510
3 6 0.001229
5 7 0.001968
7 9 0.002113
9 5 0.001062
11 5 0.002011
13 6 0.001870
15 3 0.001307
17 6 0.002578
19 6 0.003736
21 9 0.004490
23 11 0.005340
25 10 0.003980
27 12 0.008092
29 10 0.006266
31 11 0.006123
33 14 0.007724
35 12 0.005096
37 10 0.003584
39 9 0.004490
41 8 0.003242
43 5 0.001544
45 6 0.001024
47 6 0.001190
49 6 0.000707
51 5 0.000647
53 5 0.000407
55 4 0.000133
57 3 0.000077
59 2 0.000037
61 1 0.000016
1 3 0.000530
3 6 0.001034
5 7 0.001545
7 10 0.002132
9 10 0.002626
11 6 0.001425
13 11 0.004300
15 11 0.004255
17 12 0.004733
19 10 0.004648
21 13 0.006470
23 10 0.007337
25 9 0.006341
27 13 0.007479
29 12 0.005887
31 16 0.008192
33 13 0.006545
35 12 0.007120
37 10 0.004363
39 10 0.005714
41 10 0.003378
43 13 0.004459
45 11 0.003152
47 8 0.002138
49 6 0.000867
51 5 0.000608
53 5 0.000386
55 3 0.000127
57 1 0.000036
1 3 0.000554
3 6 0.000949
5 7 0.001602
7 9 0.002160
9 5 0.001012
11 5 0.001673
13 6 0.001921
15 7 0.002374
17 4 0.001318
19 3 0.000824
21 3 0.001004
23 3 0.001306
25 4 0.001215
27 1 0.000336
29 1 0.000340
31 1 0.000361
33 1 0.000241
35 1 0.000453
37 1 0.000239
39 1 0.000288
41 1 0.000282
43 2 0.000471
45 1 0.000180
47 1 0.000135
49 2 0.000314
51 1 0.000188
53 2 0.000184
55 2 0.000146
57 1 0.000038
59 1 0.000018
0 4 0.000455
2 4 0.000721
4 5 0.001176
6 6 0.001351
8 7 0.002227
10 10 0.004258
12 9 0.005469
14 9 0.004851
16 12 0.007330
18 7 0.003387
20 7 0.003453
22 6 0.002925
24 6 0.002599
26 5 0.001884
28 5 0.002415
30 4 0.002432
32 3 0.001263
34 4 0.001816
36 3 0.001061
38 2 0.000672
40 1 0.000241
42 1 0.000421
44 1 0.000223
46 2 0.000496
48 4 0.000576
50 5 0.000577
52 4 0.000580
54 2 0.000138
56 1 0.000069
58 1 0.000023
