0 4 0.276210
2 4 0.945718
4 3 1.446105
6 5 5.546127
8 5 4.440152
10 7 38.154761
12 9 33.081153
14 7 10.138947
16 11 60.433019
18 13 62.438266
20 14 80.413579
22 13 68.136190
24 10 21.739728
26 12 20.667778
28 9 19.395988
30 16 36.244722
32 15 24.867194
34 14 19.599667
36 13 12.892950
38 12 12.242284
40 11 9.044078
42 10 4.694575
44 11 2.119861
46 10 1.451739
48 9 0.560069
50 7 0.113188
52 6 0.023271
54 6 0.001945
56 4 0.000278
58 2 0.000043
60 1 0.000015
0 4 0.295222
2 4 0.973885
4 3 1.512220
6 6 6.247594
8 6 11.578482
10 9 52.956083
12 9 34.437501
14 8 43.968495
16 10 122.424401
18 7 53.003243
20 8 60.680081
22 8 50.859922
24 11 80.604026
26 13 73.906530
28 11 36.131569
30 9 26.976694
32 10 12.000759
34 11 7.240811
36 10 11.072462
38 12 12.340890
40 12 7.139136
42 12 3.468492
44 10 2.223565
46 11 0.542675
48 9 0.302247
50 8 0.136711
52 7 0.016980
54 5 0.001643
56 4 0.000343
58 3 0.000108
60 2 0.000032
62 1 0.000021
0 4 0.269202
2 4 0.926255
4 3 1.446946
6 4 4.110611
8 6 8.605378
10 7 8.774212
12 10 31.508187
14 9 18.996242
16 9 17.701299
18 7 21.232463
20 8 30.213874
22 11 26.962327
24 13 17.237946
26 12 17.043837
28 14 16.738253
30 12 6.837162
32 11 7.479521
34 12 4.723832
36 11 3.361844
38 10 2.752640
40 10 2.497013
42 10 1.844952
44 9 1.221746
46 7 0.443221
48 8 0.406496
50 9 0.198471
52 7 0.049199
54 6 0.003197
56 4 0.000347
58 2 0.000029
0 4 0.269971
2 4 0.926709
4 3 1.126560
6 8 9.145001
8 9 23.834835
10 14 112.456343
12 15 88.865860
14 15 105.162306
16 15 89.760820
18 15 177.787089
20 11 135.261397
22 13 151.639775
24 11 81.786469
26 12 114.400494
28 13 94.240264
30 11 58.573943
32 10 31.173533
34 12 27.122173
36 13 24.093350
38 13 20.914377
40 11 8.428030
42 9 5.929386
44 9 3.871805
46 7 0.862201
48 6 0.330096
50 5 0.106739
52 6 0.033863
54 4 0.002369
56 2 0.000168
58 2 0.000037
0 4 0.284275
2 4 0.929740
4 3 1.459313
6 6 5.966161
8 6 11.027974
10 9 19.795127
12 7 19.605328
14 11 77.452618
16 13 103.884214
18 10 121.601815
20 10 145.091741
22 10 186.727439
24 10 76.328829
26 12 117.165209
28 12 202.837694
30 15 183.942892
32 10 68.636302
34 9 44.046680
36 9 30.847950
38 9 19.690672
40 8 11.583390
42 7 5.971947
44 8 3.027223
46 7 1.151262
48 6 0.438275
50 5 0.098948
52 3 0.009838
54 2 0.001057
58 1 0.000043
0 4 0.288219
2 4 0.935917
4 3 1.129317
6 8 9.160170
8 9 23.802113
10 14 112.385219
12 10 73.670249
14 10 109.092623
16 13 153.415525
18 15 264.764950
20 16 194.368965
22 16 630.623425
24 17 610.178755
26 13 190.250985
28 11 134.603639
30 12 123.894096
32 15 147.248205
34 17 132.296116
36 16 81.938949
38 14 25.143873
40 14 18.181468
42 13 8.098219
44 13 4.207328
46 10 0.516996
48 9 0.297725
50 7 0.069440
52 7 0.011701
54 5 0.001730
56 4 0.000423
58 3 0.000085
60 1 0.000017
0 4 0.277006
1 3 0.470350
2 4 0.919978
3 6 1.646116
4 3 1.129281
5 4 2.875030
6 6 6.946366
7 5 10.218717
8 9 32.395967
9 7 29.897152
10 12 59.786774
11 8 71.714180
12 12 72.017825
13 8 72.155420
14 13 139.595436
15 11 114.083478
16 12 132.833012
17 14 184.513869
18 10 119.128007
19 12 125.853402
20 12 86.543064
21 7 105.535209
22 16 166.577096
23 12 269.829865
24 15 369.304654
25 12 229.249474
26 13 239.983705
27 14 265.149986
28 13 234.788669
29 11 173.802226
30 15 247.117976
31 12 182.361466
32 17 201.761019
33 10 73.769273
34 15 78.359108
35 10 58.779445
36 15 70.904756
37 8 23.355158
38 11 17.676449
39 5 5.467030
40 11 9.087727
41 4 3.145524
42 10 4.788534
43 4 1.763337
44 11 2.670507
45 2 0.313178
46 10 0.885930
47 2 0.179323
48 9 0.314510
49 4 0.153373
50 7 0.125058
51 3 0.034041
52 6 0.027132
53 2 0.005385
54 6 0.002925
55 2 0.000601
56 4 0.000311
57 2 0.000088
58 2 0.000051
60 1 0.000019
1 3 0.484936
3 2 2.038013
5 5 6.430390
7 7 12.477193
9 4 8.241442
11 9 74.421962
13 11 112.606500
15 11 94.624051
17 13 135.732114
19 15 119.686612
21 16 127.880690
23 16 119.962576
25 12 32.658344
27 17 56.993608
29 16 36.452726
31 16 31.733857
33 15 28.551675
35 17 29.245330
37 16 28.552560
39 15 12.461181
41 12 8.276460
43 11 5.145654
45 9 2.327066
47 8 1.249827
49 7 0.209178
51 6 0.067754
53 7 0.032337
55 6 0.003199
57 4 0.000232
59 2 0.000035
61 1 0.000020
1 3 0.501517
3 5 1.729678
5 6 8.791666
7 7 22.654040
9 8 25.266964
11 11 57.502423
13 15 184.815987
15 10 95.556931
17 8 107.816267
19 9 110.203310
21 11 133.971268
23 13 168.643394
25 13 160.712845
27 15 157.395451
29 10 90.109323
31 9 36.628848
33 11 32.670742
35 10 18.328338
37 12 14.165836
39 11 6.559488
41 10 4.980728
43 10 1.971174
45 10 1.441560
47 9 0.488571
49 9 0.287907
51 8 0.091457
53 8 0.022783
55 6 0.002383
57 4 0.000337
59 3 0.000064
61 1 0.000019
1 3 0.483445
3 5 1.701424
5 6 5.011890
7 4 6.178051
9 10 30.142664
11 13 58.902417
13 9 74.557577
15 11 126.134367
17 13 148.647167
19 11 97.912771
21 15 161.297589
23 12 103.416224
25 11 47.291201
27 13 49.943582
29 15 54.726463
31 13 32.698173
33 12 23.667326
35 15 27.540868
37 13 12.389290
39 11 4.449419
41 10 2.870208
43 9 2.184190
45 10 1.653071
47 8 0.773111
49 7 0.332460
51 5 0.065440
53 5 0.007464
55 3 0.000369
57 3 0.000093
59 1 0.000018
1 3 0.471067
3 6 1.656056
5 5 2.760906
7 5 8.749253
9 5 7.642686
11 5 18.561659
13 7 49.601095
15 7 36.061409
17 11 84.147773
19 14 118.041049
21 13 107.125697
23 15 180.602758
25 14 120.287533
27 14 137.151659
29 14 117.428225
31 13 133.450162
33 10 81.372099
35 10 46.117237
37 11 33.990467
39 10 14.369341
41 11 9.755564
43 11 9.119240
45 9 3.091394
47 7 1.199706
49 6 0.420858
51 6 0.100710
53 4 0.004092
55 4 0.000382
57 2 0.000060
59 1 0.000018
1 3 0.487472
3 6 1.629531
5 4 2.867589
7 5 10.309409
9 9 48.878620
11 10 51.002354
13 10 51.307679
15 9 57.095468
17 8 42.287606
19 7 22.747508
21 12 64.484794
23 11 46.392470
25 11 30.823813
27 12 31.632177
29 13 25.575722
31 12 39.146673
33 13 41.844635
35 12 54.673014
37 12 25.242883
39 12 13.668076
41 12 8.761330
43 13 5.174473
45 12 2.601601
47 11 1.355631
49 10 0.604642
51 9 0.188903
53 8 0.056173
55 6 0.004253
57 4 0.000200
59 2 0.000027
1 3 0.485217
3 6 1.644120
5 4 2.851077
7 5 10.172334
9 7 29.888519
11 8 71.621001
13 10 79.998971
15 9 97.265532
17 9 113.171011
19 9 113.962815
21 9 89.765070
23 10 116.162666
25 15 190.786443
27 15 189.518953
29 14 117.710425
31 14 93.476025
33 14 93.723963
35 14 87.633376
37 12 48.414995
39 7 9.300665
41 5 2.125804
43 4 0.787877
45 4 0.557259
47 6 0.675709
49 4 0.110394
51 4 0.030126
53 3 0.002304
55 1 0.000216
59 1 0.000026
