1 3 0.000103
3 2 0.000128
5 5 0.000211
7 8 0.000278
9 8 0.000408
11 12 0.000488
13 10 0.000456
15 10 0.000570
17 14 0.000668
19 8 0.000402
21 9 0.000313
23 11 0.000498
25 11 0.000552
27 11 0.000516
29 12 0.000627
31 9 0.000400
33 10 0.000584
35 10 0.000596
37 11 0.000456
39 13 0.000618
41 12 0.000415
43 10 0.000358
45 10 0.000316
47 10 0.000295
49 9 0.000249
51 7 0.000192
53 5 0.000134
55 3 0.000070
57 1 0.000024
59 1 0.000017
0 4 0.000113
2 4 0.000166
4 5 0.000233
6 7 0.000432
8 9 0.000414
10 6 0.000284
12 8 0.000563
14 12 0.000778
16 13 0.000864
18 13 0.000599
20 8 0.000556
22 8 0.000548
24 11 0.000740
26 10 0.000748
28 11 0.000579
30 8 0.000494
32 13 0.000513
34 16 0.000442
36 14 0.000414
38 13 0.000332
40 12 0.000401
42 10 0.000259
44 11 0.000473
46 9 0.000215
48 9 0.000290
50 6 0.000236
52 5 0.000170
54 4 0.000080
56 3 0.000071
58 2 0.000037
60 1 0.000012
0 4 0.000155
1 3 0.000100
2 4 0.000156
3 5 0.000201
4 5 0.000235
5 6 0.000281
6 7 0.000296
7 7 0.000417
8 11 0.000612
9 10 0.000484
10 11 0.000681
11 12 0.000778
12 14 0.000785
13 13 0.000618
14 12 0.000538
15 12 0.000740
16 12 0.000805
17 11 0.000761
18 18 0.000994
19 9 0.000687
20 16 0.000604
21 6 0.000473
22 11 0.000609
23 8 0.000526
24 10 0.000525
25 10 0.000557
26 10 0.000672
27 12 0.000807
28 12 0.000570
29 12 0.000555
30 12 0.000770
31 11 0.000625
32 10 0.000726
33 13 0.000687
34 11 0.000724
35 13 0.000595
36 11 0.000663
37 11 0.000500
38 12 0.000618
39 13 0.000780
40 10 0.000606
41 11 0.000494
42 12 0.000619
43 10 0.000563
44 9 0.000514
45 9 0.000432
46 9 0.000273
47 6 0.000237
48 9 0.000279
49 5 0.000189
50 7 0.000229
51 5 0.000201
52 5 0.000130
53 3 0.000075
54 4 0.000091
55 3 0.000085
56 2 0.000069
57 2 0.000038
58 1 0.000020
59 1 0.000013
0 4 0.000122
2 4 0.000129
4 5 0.000171
6 7 0.000336
8 9 0.000376
10 6 0.000401
12 9 0.000432
14 12 0.000629
16 13 0.000528
18 9 0.000723
20 12 0.000943
22 14 0.000831
24 13 0.000781
26 13 0.000693
28 9 0.000573
30 10 0.000553
32 13 0.000788
34 11 0.000578
36 12 0.000654
38 9 0.000482
40 10 0.000316
42 9 0.000312
44 7 0.000210
46 5 0.000150
48 5 0.000169
50 4 0.000104
52 4 0.000124
54 4 0.000074
56 4 0.000057
58 3 0.000059
60 2 0.000026
0 4 0.000138
2 4 0.000138
4 5 0.000234
6 7 0.000357
8 9 0.000432
10 10 0.000626
12 7 0.000407
14 10 0.000646
16 7 0.000327
18 9 0.000510
20 9 0.000523
22 14 0.000655
24 16 0.000726
26 10 0.000524
28 10 0.000506
30 10 0.000691
32 9 0.000589
34 7 0.000344
36 4 0.000224
38 3 0.000148
40 1 0.000084
42 2 0.000142
44 3 0.000135
46 3 0.000160
48 5 0.000240
50 3 0.000142
52 1 0.000065
54 1 0.000048
56 1 0.000029
58 2 0.000031
0 4 0.000112
2 4 0.000158
4 5 0.000216
6 7 0.000275
8 9 0.000421
10 6 0.000290
12 8 0.000577
14 11 0.000554
16 11 0.000649
18 10 0.000577
20 11 0.000509
22 12 0.000763
24 12 0.000627
26 12 0.000482
28 10 0.000605
30 8 0.000373
32 6 0.000351
34 6 0.000435
36 5 0.000334
38 4 0.000194
40 3 0.000128
42 4 0.000163
44 5 0.000238
46 3 0.000127
48 6 0.000237
50 6 0.000164
52 4 0.000105
54 3 0.000066
56 2 0.000031
58 1 0.000015
0 4 0.000136
2 4 0.000164
4 5 0.000187
6 7 0.000358
8 9 0.000420
10 6 0.000387
12 8 0.000569
14 11 0.000703
16 11 0.000517
18 11 0.000612
20 11 0.000593
22 9 0.000660
24 11 0.000512
26 9 0.000592
28 7 0.000374
30 6 0.000438
32 6 0.000338
34 4 0.000300
36 8 0.000504
38 6 0.000391
40 4 0.000224
42 4 0.000224
44 3 0.000165
46 2 0.000080
48 3 0.000128
50 2 0.000092
52 4 0.000136
54 2 0.000047
56 2 0.000037
58 1 0.000023
1 3 0.000137
3 5 0.000178
5 6 0.000209
7 4 0.000197
9 3 0.000176
11 7 0.000323
13 6 0.000357
15 6 0.000326
17 10 0.000646
19 11 0.000486
21 15 0.000746
23 12 0.000633
25 12 0.000655
27 15 0.000713
29 14 0.000545
31 10 0.000361
33 10 0.000525
35 8 0.000333
37 10 0.000470
39 10 0.000335
41 9 0.000327
43 6 0.000294
45 7 0.000332
47 6 0.000264
49 4 0.000172
51 6 0.000235
53 4 0.000093
55 2 0.000054
57 3 0.000038
59 2 0.000025
61 1 0.000013
1 3 0.000102
3 6 0.000240
5 7 0.000304
7 5 0.000216
9 5 0.000214
11 6 0.000294
13 7 0.000543
15 6 0.000387
17 9 0.000712
19 9 0.000660
21 9 0.000577
23 11 0.000541
25 12 0.000776
27 12 0.000534
29 15 0.000979
31 15 0.000532
33 14 0.000796
35 14 0.000607
37 14 0.000797
39 11 0.000779
41 11 0.000616
43 11 0.000428
45 10 0.000457
47 10 0.000332
49 8 0.000278
51 7 0.000208
53 6 0.000157
55 4 0.000091
57 2 0.000033
59 1 0.000016
1 3 0.000133
3 6 0.000237
5 7 0.000294
7 4 0.000192
9 8 0.000378
11 11 0.000590
13 5 0.000245
15 11 0.000706
17 12 0.000606
19 15 0.000619
21 15 0.000727
23 14 0.000625
25 15 0.000860
27 13 0.000736
29 12 0.000595
31 11 0.000683
33 10 0.000454
35 6 0.000194
37 12 0.000531
39 12 0.000568
41 4 0.000221
43 8 0.000412
45 5 0.000230
47 7 0.000271
49 7 0.000146
51 7 0.000115
53 5 0.000105
55 4 0.000063
57 2 0.000042
59 1 0.000015
1 3 0.000134
3 6 0.000281
5 7 0.000311
7 5 0.000213
9 4 0.000209
11 8 0.000319
13 10 0.000518
15 10 0.000429
17 13 0.000583
19 8 0.000430
21 13 0.000763
23 14 0.000670
25 17 0.000786
27 16 0.000660
29 15 0.000724
31 14 0.000585
33 12 0.000578
35 11 0.000408
37 10 0.000473
39 10 0.000407
41 9 0.000394
43 7 0.000344
45 6 0.000242
47 3 0.000163
51 1 0.000047
53 2 0.000068
55 1 0.000056
1 3 0.000128
3 6 0.000241
5 7 0.000308
7 4 0.000201
9 8 0.000314
11 11 0.000566
13 11 0.000591
15 10 0.000517
17 14 0.000782
19 9 0.000345
21 11 0.000530
23 10 0.000608
25 10 0.000570
27 8 0.000355
29 6 0.000331
31 4 0.000248
33 2 0.000144
35 6 0.000363
37 7 0.000418
39 4 0.000256
41 4 0.000258
43 3 0.000128
45 2 0.000091
47 1 0.000049
49 3 0.000160
51 1 0.000039
53 3 0.000110
55 1 0.000048
0 4 0.000146
2 4 0.000170
4 5 0.000185
6 7 0.000394
8 9 0.000327
10 6 0.000298
12 8 0.000437
14 11 0.000731
16 14 0.000761
18 13 0.000609
20 11 0.000756
22 13 0.000593
24 12 0.000703
26 10 0.000713
28 9 0.000466
30 8 0.000440
32 7 0.000321
34 5 0.000259
36 4 0.000216
38 3 0.000234
40 2 0.000134
42 1 0.000057
46 1 0.000049
48 1 0.000047
50 1 0.000044
52 1 0.000070
54 2 0.000082
56 2 0.000051
60 2 0.000028
