1 3 0.014858
3 2 0.030737
5 5 0.085592
7 8 0.199442
9 8 0.216972
11 12 0.197124
13 13 0.429334
15 8 0.097897
17 8 0.128924
19 6 0.120258
21 15 0.677493
23 12 0.230118
25 10 0.226825
27 11 0.206371
29 11 0.467150
31 10 0.279585
33 14 0.311680
35 14 0.256091
37 12 0.230672
39 11 0.223432
41 13 0.222926
43 11 0.166937
45 12 0.182094
47 10 0.076270
49 8 0.023371
51 8 0.007067
53 7 0.002664
55 5 0.000794
57 4 0.000310
59 2 0.000048
61 1 0.000022
1 3 0.014194
3 5 0.031943
5 6 0.113582
7 7 0.248716
9 8 0.248767
11 11 0.515300
13 15 1.322011
15 10 0.679611
17 13 0.802445
19 11 0.668243
21 12 1.144585
23 14 1.148935
25 10 0.641651
27 9 0.561731
29 12 0.640647
31 13 0.796733
33 13 0.494096
35 13 0.305966
37 9 0.163383
39 8 0.119739
41 8 0.090468
43 7 0.065075
45 8 0.052305
47 8 0.033140
49 8 0.031729
51 7 0.016352
53 4 0.001768
55 2 0.000177
57 1 0.000022
59 1 0.000019
1 3 0.010557
3 5 0.033805
5 6 0.077752
7 4 0.074741
9 10 0.289483
11 9 0.471387
13 9 0.728226
15 11 0.917372
17 9 0.663023
19 14 0.954299
21 13 0.891641
23 14 1.424757
25 15 1.500796
27 16 1.213774
29 13 0.992022
31 13 0.726501
33 11 0.571792
35 11 0.450997
37 13 0.400278
39 11 0.202139
41 11 0.146390
43 8 0.072167
45 7 0.038618
47 7 0.026436
49 8 0.013547
51 7 0.007205
53 7 0.002887
55 5 0.000700
57 3 0.000110
59 1 0.000016
1 3 0.013231
3 6 0.034954
5 7 0.074132
7 5 0.094032
9 10 0.347998
11 6 0.216311
13 7 0.450838
15 8 0.665549
17 7 0.615096
19 10 0.932715
21 12 1.195920
23 13 1.333038
25 14 1.755571
27 7 0.486370
29 5 0.176359
31 5 0.081991
33 8 0.282776
35 4 0.078754
37 9 0.192521
39 10 0.255433
41 8 0.141944
43 6 0.055819
45 7 0.058006
47 5 0.021058
49 3 0.004988
51 3 0.002068
53 1 0.000520
59 2 0.000080
0 4 0.007771
2 4 0.019938
4 3 0.031263
6 5 0.075691
8 5 0.045955
10 7 0.368084
12 13 0.853582
14 12 0.849942
16 7 0.189848
18 6 0.156979
20 12 0.626088
22 11 0.222032
24 13 0.386670
26 9 0.231029
28 10 0.288278
30 11 0.571837
32 9 0.323168
34 6 0.212026
36 6 0.211557
38 5 0.118382
40 10 0.170614
42 11 0.146356
44 13 0.130136
46 10 0.074859
48 10 0.034739
50 8 0.010233
52 7 0.002884
54 6 0.001174
56 5 0.000785
58 4 0.000300
60 2 0.000039
62 1 0.000020
0 4 0.010193
2 4 0.021416
4 3 0.028958
6 6 0.094209
8 6 0.142371
10 9 0.493273
12 9 0.335201
14 9 0.512777
16 10 0.782510
18 10 0.723675
20 6 0.472103
22 6 0.522350
24 11 1.562146
26 13 1.375152
28 13 1.320054
30 12 0.977627
32 11 0.859696
34 9 0.384488
36 6 0.211225
38 7 0.218937
40 8 0.268645
42 9 0.210620
44 9 0.136691
46 7 0.058127
48 4 0.010616
50 2 0.002605
52 1 0.000931
54 3 0.000983
56 2 0.000160
58 2 0.000036
0 4 0.010368
2 4 0.020417
4 3 0.027805
6 4 0.074657
8 6 0.132524
10 7 0.138162
12 10 0.333967
14 9 0.241618
16 8 0.398063
18 10 0.555889
20 11 0.767894
22 9 0.627823
24 10 0.791340
26 8 0.592333
28 17 2.169567
30 16 1.192508
32 10 0.800168
34 10 0.818050
36 10 0.438362
38 12 0.425909
40 9 0.216786
42 9 0.123286
44 10 0.097082
46 8 0.033452
48 6 0.023418
50 4 0.008407
52 3 0.001779
54 3 0.000866
56 1 0.000106
0 4 0.008563
2 4 0.018036
4 3 0.023787
6 8 0.141270
8 7 0.167518
10 8 0.267856
12 6 0.360294
14 7 0.426130
16 6 0.476864
18 13 0.977698
20 15 0.941890
22 18 1.632287
24 13 1.305836
26 17 2.145252
28 19 2.374268
30 17 2.592261
32 14 1.664600
34 15 0.888461
36 15 0.773808
38 12 0.683148
40 13 0.495887
42 12 0.324567
44 7 0.088084
46 6 0.065544
48 5 0.015863
50 5 0.009839
52 5 0.001714
54 4 0.000345
56 3 0.000206
58 1 0.000030
60 1 0.000018
0 4 0.010514
1 3 0.013599
2 4 0.019736
3 6 0.034269
4 3 0.028292
5 7 0.081876
6 6 0.086722
7 4 0.061479
8 6 0.132682
9 9 0.320490
10 10 0.379931
11 8 0.376044
12 9 0.491999
13 11 0.488206
14 10 0.651243
15 11 0.759725
16 14 0.851505
17 7 0.570645
18 12 0.971107
19 11 0.874977
20 8 0.717360
21 12 0.785015
22 10 0.873270
23 12 0.930147
24 9 0.726773
25 13 1.131701
26 13 1.456672
27 11 0.726522
28 12 0.759296
29 11 0.628128
30 9 0.476961
31 13 0.646753
32 9 0.470870
33 13 0.728730
34 9 0.484893
35 12 0.656792
36 11 0.632538
37 11 0.843201
38 15 0.975347
39 11 0.608469
40 8 0.322286
41 12 0.377634
42 10 0.322025
43 9 0.174986
44 8 0.164268
45 11 0.166304
46 7 0.079961
47 8 0.044124
48 6 0.026447
49 7 0.020010
50 4 0.009747
51 5 0.004480
52 4 0.004136
53 4 0.002378
54 4 0.001013
55 2 0.000349
56 4 0.000171
57 1 0.000054
58 2 0.000043
60 1 0.000018
0 4 0.010651
2 4 0.020865
4 3 0.020643
6 8 0.142969
8 7 0.147219
10 4 0.086452
12 2 0.021776
14 3 0.060395
1 3 0.010641
3 6 0.032700
5 7 0.071717
7 5 0.098025
9 8 0.279286
11 10 0.472902
13 7 0.227125
15 8 0.511584
17 13 1.035042
19 11 1.268139
21 14 1.718040
23 13 1.285189
25 13 1.394309
27 12 1.013091
29 11 1.073266
31 8 0.844002
33 9 0.765357
35 9 0.645167
37 9 0.551036
39 7 0.263524
41 7 0.184862
43 8 0.141841
45 6 0.063297
47 5 0.027829
49 5 0.018795
51 6 0.009498
53 4 0.002124
55 2 0.000305
57 2 0.000063
1 3 0.010880
3 6 0.031755
5 7 0.080121
7 4 0.061850
9 6 0.138169
11 5 0.104934
13 7 0.243114
15 10 0.668743
17 11 0.628927
19 12 1.017614
21 16 1.238968
23 11 0.759214
25 10 0.741123
27 11 0.646416
29 13 1.449915
31 11 0.901260
33 12 0.717972
35 10 0.349840
37 11 0.405205
39 10 0.274270
41 10 0.178438
43 6 0.078699
45 5 0.044833
47 6 0.034320
49 5 0.013248
51 5 0.005226
53 5 0.002191
55 4 0.000630
57 3 0.000113
59 2 0.000033
61 1 0.000017
0 4 0.007784
2 4 0.019215
4 3 0.019936
6 6 0.087778
8 9 0.303617
10 12 0.431672
12 10 0.547262
14 9 0.415888
16 10 0.485075
18 8 0.289616
20 10 0.391829
22 9 0.399590
24 8 0.238589
26 7 0.175526
28 5 0.128816
30 4 0.098372
32 7 0.225188
34 8 0.300994
36 9 0.321098
38 4 0.100972
40 2 0.034731
42 3 0.037046
44 3 0.034380
46 2 0.015296
50 1 0.003393
52 1 0.002790
54 3 0.003788
56 1 0.000193
58 2 0.000067
60 1 0.000017
