1 3 0.001955
3 2 0.004656
5 5 0.011734
7 8 0.022776
9 8 0.025163
11 12 0.024590
13 12 0.039026
15 8 0.030015
17 13 0.072108
19 10 0.047958
21 14 0.057846
23 17 0.033335
25 17 0.039229
27 17 0.066037
29 15 0.030571
31 15 0.046221
33 13 0.032345
35 12 0.025980
37 12 0.018108
39 10 0.011775
41 9 0.008583
43 10 0.011916
45 9 0.008145
47 8 0.006650
49 7 0.004587
51 5 0.002652
53 5 0.001269
55 4 0.000397
57 3 0.000074
59 1 0.000019
1 3 0.001993
3 5 0.004693
5 6 0.014572
7 7 0.025933
9 8 0.024188
11 8 0.035382
13 12 0.062051
15 8 0.026045
17 11 0.041642
19 8 0.057623
21 10 0.068641
23 11 0.103633
25 11 0.072870
27 14 0.104528
29 15 0.107344
31 13 0.061063
33 13 0.047316
35 13 0.039749
37 13 0.034816
39 11 0.013545
41 10 0.010170
43 9 0.008769
45 10 0.007751
47 9 0.008048
49 8 0.004608
51 7 0.001736
53 7 0.001277
55 5 0.000534
57 3 0.000102
59 1 0.000015
1 3 0.002117
3 5 0.004612
5 6 0.009061
7 4 0.008207
9 10 0.028009
11 9 0.036177
13 9 0.032630
15 7 0.038926
17 9 0.046251
19 10 0.053299
21 10 0.046017
23 13 0.064122
25 11 0.059280
27 12 0.070988
29 12 0.061859
31 11 0.040612
33 11 0.088842
35 9 0.038397
37 11 0.053631
39 9 0.023064
41 8 0.016698
43 7 0.010166
45 7 0.006771
47 7 0.007482
49 7 0.003384
51 8 0.000773
53 6 0.000644
55 5 0.000277
57 3 0.000067
59 2 0.000035
0 4 0.001791
2 4 0.003120
4 3 0.005389
6 5 0.011859
8 5 0.005652
0 4 0.001740
2 4 0.003546
4 3 0.005074
6 6 0.009072
8 6 0.007388
10 7 0.022708
12 13 0.070647
14 13 0.052687
16 12 0.044325
18 15 0.074738
20 12 0.068480
22 11 0.073889
24 9 0.062355
26 12 0.109330
28 10 0.077690
30 10 0.082216
32 10 0.070695
34 9 0.066804
36 10 0.053694
38 12 0.067920
40 14 0.078286
42 12 0.046428
44 9 0.024673
46 6 0.011558
48 6 0.009675
50 5 0.004233
52 4 0.001852
54 3 0.000578
56 1 0.000075
58 2 0.000035
0 4 0.002087
2 4 0.003118
4 3 0.003892
6 4 0.008081
8 4 0.007434
10 5 0.009845
12 7 0.022547
14 7 0.030723
16 14 0.059363
18 14 0.059193
20 15 0.074609
22 15 0.069796
24 16 0.105952
26 12 0.090736
28 10 0.068349
30 9 0.052751
32 8 0.065773
34 10 0.078427
36 11 0.083909
38 11 0.065132
40 10 0.036334
42 8 0.025387
44 7 0.009504
46 7 0.010431
48 7 0.005044
50 7 0.003655
52 6 0.001415
54 5 0.000855
56 4 0.000182
58 2 0.000045
0 4 0.001790
1 3 0.001959
2 4 0.003200
3 6 0.005063
4 3 0.003071
5 5 0.005819
6 6 0.006135
7 5 0.009747
8 5 0.012969
9 6 0.014125
10 8 0.031865
11 10 0.026823
12 9 0.030732
13 11 0.031701
14 6 0.020252
15 8 0.046052
16 12 0.053754
17 7 0.026646
18 4 0.011844
19 7 0.020877
20 10 0.022670
21 6 0.018345
22 8 0.031929
23 10 0.054208
24 12 0.072839
25 9 0.037196
26 9 0.046012
27 9 0.061554
28 12 0.065553
29 9 0.065701
30 12 0.072913
31 13 0.086996
32 12 0.064683
33 12 0.065013
34 12 0.061334
35 9 0.040511
36 13 0.042070
37 10 0.043663
38 10 0.037010
39 10 0.033401
40 11 0.038456
41 10 0.030282
42 11 0.039311
43 9 0.029202
44 11 0.026958
45 7 0.013180
46 9 0.013277
47 7 0.008380
48 7 0.005604
49 6 0.003580
50 5 0.002352
51 5 0.001820
52 5 0.001330
53 3 0.000621
54 4 0.000374
55 3 0.000236
56 2 0.000082
57 1 0.000031
58 1 0.000022
0 4 0.001732
2 4 0.003141
4 3 0.005296
6 6 0.009359
8 9 0.028104
10 11 0.047360
12 9 0.036838
14 12 0.058941
16 14 0.073277
18 16 0.116192
20 17 0.087371
22 13 0.108081
24 16 0.111235
26 17 0.110305
28 14 0.053560
30 12 0.034344
32 10 0.019070
34 12 0.023574
36 9 0.016325
38 10 0.029210
40 10 0.018983
42 9 0.015011
44 8 0.008578
46 6 0.004805
48 6 0.002689
50 7 0.001996
52 6 0.000902
54 5 0.000652
56 5 0.000494
58 4 0.000232
60 2 0.000037
62 1 0.000021
0 4 0.001768
2 4 0.003214
4 3 0.003251
6 6 0.006131
8 5 0.011259
10 6 0.018627
12 7 0.032573
14 7 0.028206
16 14 0.084150
18 11 0.070140
20 9 0.076525
22 9 0.081783
24 10 0.075111
26 8 0.064893
28 10 0.083396
30 10 0.055526
32 13 0.071534
34 17 0.104157
36 14 0.080803
38 11 0.039906
40 11 0.032996
42 10 0.019119
44 8 0.008327
46 7 0.006197
48 7 0.003776
50 6 0.001171
52 6 0.000632
54 5 0.000306
56 4 0.000179
58 3 0.000160
60 3 0.000055
62 2 0.000032
64 1 0.000016
1 3 0.001967
3 6 0.006726
5 4 0.006445
7 5 0.015137
9 9 0.020128
11 12 0.032614
13 14 0.064862
15 15 0.082741
17 9 0.052599
19 10 0.068119
21 8 0.077177
23 11 0.099500
25 12 0.110948
27 9 0.091844
29 11 0.126603
31 14 0.160111
33 13 0.099438
35 8 0.051402
37 11 0.048173
39 9 0.042303
41 7 0.029881
43 8 0.023685
45 8 0.013103
47 5 0.003817
49 5 0.002350
51 4 0.001349
53 1 0.000134
57 2 0.000074
59 1 0.000017
1 3 0.001956
3 6 0.005914
5 4 0.008102
7 5 0.011512
9 6 0.024660
11 6 0.028290
13 8 0.042202
15 9 0.059915
17 10 0.079551
19 10 0.079658
21 10 0.077000
23 14 0.120377
25 16 0.109610
27 13 0.113048
29 11 0.074031
31 16 0.126738
33 16 0.104236
35 12 0.037290
37 12 0.035403
39 13 0.040044
41 11 0.009258
43 10 0.009290
45 9 0.006568
47 7 0.003500
49 8 0.004438
51 7 0.002326
53 6 0.000938
55 5 0.000282
57 3 0.000086
59 2 0.000029
61 1 0.000015
1 3 0.002101
3 6 0.005159
5 4 0.005730
7 5 0.014650
9 7 0.030719
11 9 0.045879
13 7 0.034307
15 9 0.064355
17 9 0.069007
19 10 0.077493
21 10 0.052601
23 8 0.034541
25 10 0.047504
27 7 0.034819
29 7 0.037276
31 6 0.022406
33 5 0.022372
35 3 0.010532
37 4 0.015711
39 4 0.009887
41 6 0.011904
43 7 0.012418
45 4 0.004722
47 4 0.003186
49 4 0.002204
51 4 0.001670
53 6 0.001793
55 4 0.000291
57 2 0.000048
59 1 0.000012
0 4 0.001803
2 4 0.004234
4 3 0.003093
6 7 0.012104
8 6 0.005610
10 6 0.015274
12 8 0.022953
14 10 0.031591
16 11 0.049647
18 10 0.078242
20 8 0.042998
22 10 0.081543
24 10 0.091265
26 7 0.044478
28 10 0.063348
30 10 0.080193
32 12 0.068786
34 10 0.047727
36 10 0.039943
38 8 0.024603
40 6 0.014694
42 7 0.019203
44 7 0.015799
46 7 0.010749
48 8 0.007897
50 6 0.003246
52 4 0.001596
54 2 0.000188
56 1 0.000059
58 1 0.000024
