1 0.001367
1 0.001536
1 0.001356
2 0.010942
1 0.001314
3 0.075455
1 0.001131
4 0.685720
1 0.001071
5 5.313058
1 0.001096
6 60.783207
2 0.012056
1 0.001413
2 0.014568
2 0.013499
2 0.012324
3 0.097195
2 0.009821
4 0.990637
2 0.009776
5 10.953333
2 0.009911
6 135.155412
3 0.067465
1 0.001175
3 0.064771
2 0.010198
3 0.100834
3 0.101679
3 0.079963
4 0.852398
3 0.094119
5 12.903418
3 0.050983
6 91.939305
4 0.027811
1 0.000221
4 1.202391
2 0.013206
4 1.054569
3 0.117064
4 0.820391
4 0.782732
4 1.027715
5 9.568072
4 1.065919
6 139.239874
5 6.362259
1 0.001325
5 11.737775
2 0.011593
5 11.062606
3 0.082593
5 18.871924
4 1.333247
5 12.127826
5 12.057087
5 0.510970
6 5.685388
6 1.625237
1 0.000202
6 81.337950
2 0.010795
6 137.524578
3 0.107827
6 180.341870
4 1.216267
6 199.506638
5 14.008756
6 186.849760
6 180.904564
7 551.109600
1 0.001098
7 713.042823
2 0.008699
7 253.586702
3 0.022126
7 1368.105963
4 0.675297
7 1459.603956
5 10.828038
7 3050.576442
6 211.035128
7 2295.948852
7 2006.321696
1 0.001044
7 1088.547522
2 0.009321
7 1443.311299
3 0.055089
7 1074.978332
4 0.882890
7 1323.280155
5 5.120518
7 680.844726
6 121.742660
7 1561.842893
